0 10
1 999
R 691
R 21
R 260
R 148
R 623
R 999
R 748
R 460
R 848
R 618
P
A 1202 2 2003
A 683 3 2003
A 2744 5 2002
A 842 2 2007
A 2601 0 2001
A 1800 4 2000
A 2039 5 2005
A 337 1 2004
A 3588 4 2003
A 348 0 2004
A 3373 2 2002
A 2282 4 2002
A 537 0 2008
A 3335 0 2001
A 2068 1 2001
A 253 3 2008
A 1881 2 2005
A 1804 3 2001
A 323 2 2002
A 3133 0 2007
A 748 4 2003
A 3135 1 2004
A 1912 2 2002
A 2035 0 2005
A 1557 2 2008
A 1464 0 2009
A 772 1 2004
A 3265 3 2007
A 2352 3 2003
A 1944 3 2005
A 780 3 2006
A 39 1 2007
A 3836 4 2008
A 3988 4 2008
A 1192 4 2006
A 3785 0 2001
A 404 3 2001
A 1429 1 2001
A 2741 3 2007
A 870 1 2006
A 2198 2 2008
A 1578 3 2000
A 2429 3 2009
A 629 1 2008
A 3793 2 2001
A 1903 3 2002
A 1473 2 2007
A 3936 4 2008
A 487 2 2003
A 2169 4 2001
D
M
I 1202 2
I 683 3
I 2744 3
I 842 2
I 2601 0
W 691 2 1202 8
W 691 3 683 8
W 691 5 2744 6
W 691 2 842 1
W 691 0 2601 5
W 691 4 1800 4
W 691 5 2039 10
W 691 1 337 2
W 691 4 3588 1
W 691 0 348 4
W 21 2 1202 7
W 21 3 683 10
W 21 5 2744 3
W 21 2 842 7
W 21 0 2601 10
W 21 4 1800 9
W 21 5 2039 10
W 21 1 337 3
W 21 4 3588 2
W 21 0 348 8
W 260 2 1202 10
W 260 3 683 2
W 260 5 2744 8
W 260 2 842 9
W 260 0 2601 1
W 260 4 1800 1
W 260 5 2039 1
W 260 1 337 10
W 260 4 3588 2
W 260 0 348 4
W 148 2 1202 1
W 148 3 683 9
W 148 5 2744 3
W 148 2 842 8
W 148 0 2601 1
W 148 4 1800 10
W 148 5 2039 3
W 148 1 337 1
W 148 4 3588 1
W 148 0 348 6
W 623 2 1202 6
W 623 3 683 9
W 623 5 2744 5
W 623 2 842 8
W 623 0 2601 5
W 623 4 1800 6
W 623 5 2039 8
W 623 1 337 4
W 623 4 3588 9
W 623 0 348 1
W 999 2 1202 3
W 999 3 683 8
W 999 5 2744 3
W 999 2 842 2
W 999 0 2601 8
W 999 4 1800 5
W 999 5 2039 3
W 999 1 337 8
W 999 4 3588 4
W 999 0 348 4
W 748 2 1202 3
W 748 3 683 6
W 748 5 2744 4
W 748 2 842 8
W 748 0 2601 3
W 748 4 1800 5
W 748 5 2039 7
W 748 1 337 5
W 748 4 3588 7
W 748 0 348 9
W 460 2 1202 10
W 460 3 683 2
W 460 5 2744 9
W 460 2 842 6
W 460 0 2601 1
W 460 4 1800 5
W 460 5 2039 4
W 460 1 337 10
W 460 4 3588 10
W 460 0 348 2
W 848 2 1202 10
W 848 3 683 3
W 848 5 2744 1
W 848 2 842 4
W 848 0 2601 4
W 848 4 1800 8
W 848 5 2039 8
W 848 1 337 8
W 848 4 3588 7
W 848 0 348 1
W 618 2 1202 3
W 618 3 683 9
W 618 5 2744 8
W 618 2 842 7
W 618 0 2601 8
W 618 4 1800 10
W 618 5 2039 3
W 618 1 337 4
W 618 4 3588 7
W 618 0 348 9
F 21 0
F 260 3
F 848 5
F 618 7
F 460 8
Q 691
Q 748
Q 618
